353,413,0
353,413,1
350,409,2
350,409,3
345,402,4
342,399,5
340,395,6
338,392,7
338,392,8
333,387,9
331,384,10
331,384,11
331,384,12
331,384,13
331,384,14
331,384,15
331,384,16
331,384,17
331,384,18
331,384,19
331,384,20
331,384,21
331,384,22
331,384,23
331,384,24
331,384,25
322,365,26
322,365,27
322,365,28
309,367,29
306,366,30
306,366,31
299,365,32
297,364,33
294,363,34
291,362,35
288,362,36
286,361,37
283,360,38
281,360,39
278,359,40
276,358,41
276,358,42
271,357,43
269,356,44
267,356,45
265,355,46
265,355,47
265,355,48
258,353,49
256,353,50
254,352,51
252,351,52
252,351,53
249,342,54
249,342,55
249,325,56
249,325,57
249,325,58
250,299,59
250,299,60
250,299,61
250,299,62
250,299,63
250,299,64
263,274,65
263,274,66
263,274,67
263,274,68
263,274,69
263,274,70
263,274,71
263,274,72
263,274,73
263,274,74
263,274,75
263,274,76
243,227,77
241,224,78
239,221,79
239,221,80
236,214,81
234,211,82
234,211,83
234,211,84
234,211,85
223,204,86
223,204,87
216,203,88
213,202,89
210,201,90
207,200,91
204,199,92
201,198,93
201,198,94
196,197,95
193,195,96
191,194,97
188,193,98
186,192,99
184,191,100
182,190,101
180,189,102
177,188,103
175,187,104
175,187,105
175,187,106
175,187,107
164,190,108
164,190,109
157,194,110
154,196,111
154,196,112
154,196,113
145,201,114
142,202,115
139,204,116
136,205,117
133,206,118
130,207,119
128,208,120
125,208,121
123,209,122
123,209,123
123,209,124
115,214,125
115,214,126
115,214,127
108,218,128
106,220,129
104,221,130
102,222,131
102,222,132
97,225,133
95,226,134
93,227,135
91,228,136
91,228,137
91,228,138
91,228,139
82,233,140
80,234,141
78,235,142
76,237,143
74,238,144
72,239,145
70,240,146
68,241,147
66,242,148
64,243,149
64,243,150
64,243,151
64,243,152
64,243,153
64,243,154
64,243,155
53,246,156
53,243,157
53,240,158
53,240,159
53,240,160
53,240,161
53,240,162
53,240,163
52,224,164
52,222,165
52,222,166
52,222,167
51,215,168
51,214,169
51,212,170
50,210,171
50,208,172
49,207,173
49,205,174
49,204,175
48,202,176
48,202,177
47,198,178
47,197,179
46,195,180
46,194,181
46,194,182
46,194,183
46,194,184
46,194,185
46,194,186
46,194,187
46,194,188
46,194,189
46,194,190
46,194,191
53,169,192
58,163,193
58,163,194
68,152,195
73,147,196
78,142,197
82,136,198
82,136,199
91,127,200
91,127,201
91,127,202
103,113,203
103,113,204
111,104,205
114,100,206
118,96,207
122,92,208
125,88,209
128,84,210
131,81,211
135,77,212
135,77,213
135,77,214
135,77,215
135,77,216
135,77,217
135,77,218
135,77,219
148,65,220
148,65,221
148,65,222
148,65,223
148,65,224
148,65,225
148,65,226
148,65,227
148,65,228
148,65,229
148,65,230
148,65,231
148,65,232
148,65,233
148,65,234
148,65,235
148,65,236
148,65,237
148,65,238
167,64,239
154,108,240
154,108,241
154,108,242
170,63,243
170,63,244
170,63,245
170,63,246
170,63,247
170,63,248
170,63,249
170,63,250
170,63,251
170,63,252
170,63,253
170,63,254
170,63,255
170,63,256
167,90,257
167,90,258
167,90,259
167,90,260
167,90,261
180,86,262
181,84,263
182,83,264
182,83,265
182,83,266
182,83,267
182,83,268
182,83,269
182,83,270
182,83,271
182,83,272
182,83,273
122,394,274
122,394,275
194,82,276
195,82,277
196,82,278
196,82,279
197,83,280
197,83,281
197,83,282
197,87,283
197,89,284
196,92,285
196,92,286
196,92,287
196,92,288
196,92,289
196,92,290
196,92,291
172,140,292
167,149,293
163,157,294
163,157,295
163,157,296
163,157,297
163,157,298
163,157,299
163,157,300
163,157,301
163,157,302
127,237,303
127,237,304
127,237,305
116,265,306
112,274,307
112,274,308
105,293,309
101,303,310
98,312,311
94,321,312
94,321,313
88,340,314
85,349,315
82,358,316
78,368,317
78,368,318
78,368,319
78,368,320
67,403,321
64,412,322
62,420,323
60,425,324
60,424,325
60,423,326
60,423,327
60,423,328
60,419,329
60,418,330
60,417,331
60,416,332
60,416,333
61,414,334
60,413,335
60,412,336
60,412,337
59,410,338
59,410,339
59,409,340
59,408,341
59,407,342
59,407,343
59,406,344
59,406,345
60,405,346
60,405,347
60,404,348
60,404,349
60,404,350
60,402,351
60,401,352
59,400,353
59,399,354
59,399,355
59,398,356
59,397,357
59,397,358
60,396,359
60,396,360
60,395,361
60,394,362
59,393,363
59,393,364
59,392,365
59,391,366
59,391,367
59,390,368
59,390,369
59,390,370
59,390,371
59,390,372
59,390,373
59,390,374
59,390,375
59,390,376
59,390,377
59,390,378
59,390,379
59,390,380
59,390,381
59,390,382
59,390,383
59,390,384
59,390,385
59,390,386
59,390,387
59,390,388
59,390,389
59,390,390
59,390,391
60,402,392
60,402,393
60,407,394
60,407,395
59,412,396
59,414,397
59,414,398
58,419,399
58,421,400
58,423,401
58,425,402
58,425,403
57,429,404
57,430,405
57,432,406
57,434,407
57,434,408
57,434,409
57,434,410
57,434,411
57,434,412
69,483,413
69,483,414
69,483,415
69,483,416
82,528,417
82,528,418
82,528,419
91,559,420
93,569,421
96,579,422
99,589,423
101,599,424
104,608,425
107,618,426
107,618,427
107,618,428
114,645,429
116,653,430
118,662,431
121,670,432
122,678,433
124,685,434
126,693,435
128,701,436
129,708,437
131,715,438
133,722,439
134,728,440
135,735,441
137,742,442
138,748,443
138,748,444
141,760,445
142,766,446
143,773,447
143,773,448
146,784,449
147,790,450
148,795,451
150,801,452
151,807,453
152,812,454
153,818,455
153,818,456
153,818,457
153,818,458
158,840,459
159,845,460
160,851,461
161,856,462
161,856,463
161,856,464
161,856,465
161,856,466
161,856,467
161,856,468
161,856,469
161,856,470
161,856,471
165,851,472
165,849,473
165,847,474
165,847,475
165,842,476
165,839,477
165,839,478
165,839,479
165,839,480
165,839,481
165,839,482
165,822,483
165,819,484
165,816,485
165,816,486
165,809,487
165,809,488
166,802,489
166,800,490
166,800,491
166,800,492
167,799,493
167,799,494
167,799,495
168,798,496
168,798,497
168,798,498
169,797,499
169,796,500
170,795,501
170,795,502
171,793,503
171,792,504
172,791,505
172,791,506
172,791,507
172,791,508
172,791,509
160,774,510
160,774,511
151,762,512
146,756,513
146,756,514
137,743,515
132,737,516
132,737,517
123,724,518
118,717,519
118,717,520
118,717,521
118,717,522
101,691,523
97,685,524
92,678,525
88,671,526
85,665,527
81,658,528
77,652,529
73,646,530
69,639,531
70,638,532
72,637,533
72,637,534
75,635,535
75,635,536
75,635,537
80,633,538
81,633,539
81,633,540
83,633,541
84,632,542
85,632,543
86,632,544
86,632,545
88,632,546
90,631,547
91,631,548
92,631,549
92,631,550
95,630,551
96,630,552
103,627,553
103,627,554
103,627,555
133,616,556
133,616,557
133,616,558
133,616,559
172,600,560
182,596,561
191,592,562
200,588,563
210,584,564
210,584,565
210,584,566
210,584,567
210,584,568
254,564,569
261,561,570
261,561,571
275,555,572
275,555,573
275,555,574
275,555,575
302,542,576
302,542,577
302,542,578
302,542,579
302,542,580
335,527,581
340,524,582
346,522,583
351,519,584
356,517,585
361,515,586
366,513,587
371,510,588
376,508,589
381,506,590
386,503,591
386,503,592
395,499,593
400,497,594
400,497,595
400,497,596
400,497,597
400,497,598
400,497,599
429,483,600
434,481,601
439,479,602
443,477,603
443,477,604
452,472,605
457,470,606
461,468,607
466,466,608
471,463,609
471,463,610
480,459,611
480,459,612
42,933,613
493,453,614
498,451,615
502,449,616
502,449,617
502,449,618
504,444,619
501,443,620
499,442,621
496,440,622
494,439,623
494,439,624
494,439,625
494,439,626
482,435,627
482,435,628
476,433,629
473,432,630
469,431,631
466,430,632
462,429,633
462,429,634
455,428,635
452,427,636
449,426,637
448,425,638
447,424,639
447,422,640
446,421,641
446,421,642
444,419,643
444,418,644
443,417,645
442,416,646
441,415,647
232,908,648
438,414,649
437,413,650
436,412,651
435,411,652
434,410,653
433,409,654
433,408,655
432,406,656
431,405,657
431,405,658
431,405,659
431,405,660
311,452,661
311,452,662
311,452,663
311,452,664
311,452,665
311,452,666
311,452,667
311,452,668
311,452,669
311,452,670
311,452,671
311,452,672
311,452,673
311,452,674
311,452,675
443,411,676
444,412,677
445,413,678
446,414,679
447,415,680
447,415,681
448,416,682
448,416,683
449,417,684
449,418,685
450,419,686
451,419,687
452,420,688
452,420,689
453,421,690
453,421,691
454,422,692
455,422,693
456,423,694
456,424,695
457,424,696
458,425,697
458,425,698
459,426,699
459,426,700
460,427,701
461,427,702
462,428,703
462,429,704
463,429,705
463,429,706
464,430,707
465,431,708
465,431,709
466,432,710
466,432,711
467,432,712
468,433,713
468,433,714
469,434,715
470,434,716
470,435,717
471,435,718
471,435,719
472,436,720
472,436,721
473,437,722
474,437,723
474,437,724
474,438,725
475,438,726
476,439,727
476,439,728
477,440,729
477,440,730
477,440,731
478,441,732
478,442,733
478,442,734
478,442,735
478,442,736
478,442,737
478,442,738
478,442,739
478,442,740
478,442,741
478,442,742
478,442,743
478,442,744
478,442,745
478,442,746
478,442,747
478,442,748
478,442,749
478,443,750
478,443,751
478,443,752
478,443,753
478,443,754
478,443,755
478,443,756
478,443,757
265,646,758
265,646,759
265,646,760
265,646,761
265,646,762
265,646,763
479,442,764
479,442,765
479,442,766
479,442,767
478,442,768
478,442,769
478,442,770
479,442,771
478,442,772
478,442,773
478,442,774
478,442,775
478,442,776
478,442,777
478,442,778
478,442,779
478,442,780
478,442,781
478,442,782
478,442,783
478,442,784
478,442,785
478,442,786
478,442,787
478,442,788
478,442,789
478,442,790
478,442,791
478,442,792
478,442,793
478,442,794
478,442,795
478,442,796
478,442,797
478,442,798
478,442,799
478,442,800
478,442,801
478,442,802
478,442,803
478,442,804
478,442,805
478,442,806
478,442,807
478,442,808
478,442,809
478,442,810
478,442,811
478,442,812
286,752,813
338,748,814
390,579,815
390,579,816
390,579,817
390,579,818
390,579,819
390,579,820
390,579,821
390,579,822
390,579,823
390,579,824
390,579,825
390,579,826
390,579,827
390,579,828
390,579,829
390,579,830
390,579,831
390,579,832
390,579,833
390,579,834
390,579,835
390,579,836
390,579,837
390,579,838
216,811,839
216,811,840
216,811,841
216,811,842
190,842,843
190,842,844
190,842,845
190,842,846
166,869,847
160,875,848
160,875,849
160,875,850
161,894,851
166,900,852
166,900,853
166,900,854
182,917,855
188,923,856
188,923,857
188,923,858
203,938,859
209,943,860
214,948,861
219,952,862
224,957,863
229,961,864
229,961,865
239,969,866
239,969,867
239,969,868
246,971,869
246,971,870
246,971,871
249,970,872
249,970,873
249,970,874
249,970,875
249,970,876
249,970,877
249,970,878
249,970,879
249,970,880
249,970,881
249,970,882
249,970,883
249,970,884
249,970,885
249,970,886
249,970,887
249,970,888
249,970,889
249,970,890
249,970,891
249,970,892
249,970,893
249,970,894
249,970,895
256,937,896
256,937,897
255,933,898
254,931,899
254,931,900
254,931,901
252,926,902
252,925,903
251,924,904
251,924,905
250,921,906
250,921,907
250,921,908
249,919,909
249,918,910
249,917,911
249,917,912
249,916,913
248,915,914
248,915,915
248,914,916
247,914,917
247,913,918
247,912,919
246,912,920
246,912,921
246,911,922
246,911,923
245,910,924
245,910,925
245,909,926
245,909,927
244,908,928
244,908,929
244,907,930
244,907,931
244,907,932
251,897,933
256,890,934
261,883,935
266,876,936
272,869,937
277,862,938
281,855,939
286,849,940
286,849,941
296,836,942
301,830,943
301,830,944
301,830,945
313,813,946
317,807,947
321,802,948
325,797,949
328,792,950
332,787,951
336,782,952
336,782,953
343,773,954
346,768,955
349,764,956
349,764,957
355,756,958
355,756,959
361,747,960
364,744,961
367,740,962
370,736,963
372,733,964
375,729,965
377,726,966
380,722,967
383,719,968
385,716,969
387,712,970
390,709,971
392,706,972
392,706,973
392,706,974
393,702,975
392,701,976
392,701,977
392,701,978
392,701,979
392,701,980
392,701,981
392,701,982
392,701,983
392,701,984
392,701,985
392,701,986
392,701,987
392,701,988
392,701,989
382,686,990
381,685,991
381,685,992
380,683,993
380,682,994
379,681,995
379,681,996
378,680,997
378,680,998
377,679,999
376,678,1000
376,678,1001
376,677,1002
375,676,1003
374,676,1004
374,675,1005
373,675,1006
373,674,1007
373,674,1008
372,673,1009
372,673,1010
371,672,1011
371,672,1012
371,671,1013
370,671,1014
370,670,1015
369,670,1016
369,669,1017
368,669,1018
368,669,1019
367,668,1020
367,668,1021
366,666,1022
366,665,1023
366,665,1024
365,664,1025
365,663,1026
364,662,1027
364,661,1028
363,660,1029
363,659,1030
362,659,1031
362,658,1032
361,657,1033
361,657,1034
361,656,1035
360,655,1036
360,654,1037
360,654,1038
359,653,1039
359,652,1040
358,652,1041
358,651,1042
358,650,1043
357,650,1044
357,649,1045
357,649,1046
357,648,1047
356,647,1048
356,647,1049
356,647,1050
356,647,1051
355,645,1052
355,645,1053
354,644,1054
354,643,1055
354,643,1056
353,642,1057
353,642,1058
353,641,1059
353,641,1060
353,641,1061
352,640,1062
352,640,1063
352,639,1064
352,638,1065
351,637,1066
351,636,1067
350,635,1068
350,635,1069
349,633,1070
348,632,1071
347,631,1072
345,630,1073
344,629,1074
344,629,1075
342,628,1076
342,628,1077
341,627,1078
340,626,1079
339,625,1080
339,625,1081
338,624,1082
337,623,1083
337,622,1084
336,622,1085
335,621,1086
335,620,1087
334,620,1088
334,620,1089
333,619,1090
332,618,1091
332,618,1092
331,617,1093
331,617,1094
330,616,1095
329,616,1096
328,615,1097
328,615,1098
328,614,1099
327,613,1100
326,613,1101
326,613,1102
325,612,1103
324,612,1104
324,612,1105
323,611,1106
323,611,1107
322,611,1108
321,611,1109
321,611,1110
320,610,1111
320,610,1112
319,610,1113
318,610,1114
318,610,1115
317,609,1116
317,609,1117
316,609,1118
316,609,1119
315,609,1120
315,608,1121
314,608,1122
314,608,1123
313,608,1124
313,608,1125
313,608,1126
312,607,1127
312,607,1128
312,607,1129
305,608,1130
301,609,1131
296,610,1132
292,611,1133
288,612,1134
284,612,1135
280,613,1136
276,614,1137
273,615,1138
269,615,1139
266,616,1140
262,616,1141
259,617,1142
257,617,1143
254,618,1144
251,618,1145
248,619,1146
246,619,1147
243,619,1148
242,618,1149
241,616,1150
240,613,1151
239,611,1152
238,609,1153
238,607,1154
236,606,1155
235,604,1156
234,602,1157
233,601,1158
232,600,1159
231,598,1160
231,598,1161
231,598,1162
231,598,1163
231,598,1164
231,598,1165
231,598,1166
231,598,1167
226,579,1168
226,574,1169
122,478,1170
122,478,1171
122,478,1172
122,478,1173
122,478,1174
122,478,1175
122,478,1176
122,478,1177
188,550,1178
184,547,1179
184,547,1180
175,543,1181
171,541,1182
167,539,1183
163,536,1184
159,534,1185
155,532,1186
151,530,1187
148,528,1188
145,526,1189
141,524,1190
138,522,1191
135,519,1192
132,517,1193
129,515,1194
126,513,1195
122,511,1196
120,509,1197
116,507,1198
113,505,1199
113,509,1200
117,517,1201
120,525,1202
120,525,1203
125,541,1204
128,548,1205
131,556,1206
134,563,1207
136,570,1208
139,577,1209
141,584,1210
143,591,1211
143,591,1212
148,603,1213
150,610,1214
152,616,1215
154,622,1216
156,627,1217
158,633,1218
160,638,1219
160,638,1220
163,649,1221
165,654,1222
166,659,1223
168,664,1224
168,664,1225
171,673,1226
171,673,1227
174,682,1228
175,686,1229
175,686,1230
178,695,1231
179,700,1232
180,703,1233
181,708,1234
183,712,1235
184,716,1236
185,720,1237
186,724,1238
187,728,1239
188,732,1240
190,736,1241
190,740,1242
192,744,1243
193,748,1244
194,752,1245
195,756,1246
195,761,1247
195,761,1248
195,761,1249
195,761,1250
195,761,1251
195,761,1252
195,761,1253
195,761,1254
195,761,1255
183,770,1256
183,770,1257
183,770,1258
183,770,1259
183,770,1260
183,770,1261
183,770,1262
183,770,1263
175,792,1264
175,792,1265
174,797,1266
174,800,1267
174,802,1268
173,804,1269
173,807,1270
173,809,1271
173,811,1272
173,814,1273
172,816,1274
172,819,1275
172,821,1276
172,821,1277
172,821,1278
172,821,1279
172,821,1280
172,821,1281
170,835,1282
170,837,1283
170,840,1284
170,842,1285
170,842,1286
169,847,1287
169,849,1288
169,851,1289
168,853,1290
168,855,1291
168,858,1292
168,860,1293
172,866,1294
172,866,1295
188,885,1296
195,893,1297
203,903,1298
211,911,1299
211,911,1300
211,911,1301
233,936,1302
240,945,1303
240,945,1304
240,945,1305
259,968,1306
259,968,1307
259,968,1308
259,968,1309
259,968,1310
259,968,1311
259,968,1312
259,968,1313
259,968,1314
259,968,1315
259,968,1316
283,985,1317
283,985,1318
283,985,1319
283,985,1320
276,966,1321
274,961,1322
272,956,1323
271,951,1324
269,945,1325
267,940,1326
266,935,1327
264,929,1328
262,923,1329
262,923,1330
259,912,1331
259,912,1332
256,900,1333
254,893,1334
253,891,1335
253,891,1336
252,888,1337
251,886,1338
251,884,1339
250,882,1340
250,882,1341
249,878,1342
248,875,1343
247,873,1344
247,873,1345
246,868,1346
245,865,1347
